{
 "cells": [
  {
   "cell_type": "code",
   "execution_count": 130,
   "metadata": {},
   "outputs": [
    {
     "name": "stdout",
     "output_type": "stream",
     "text": [
      "1번문제 유사도  2807.0\n",
      "------------------------------\n",
      "2번문제 유사도\n",
      "[[ 3070.  1866.  2264. ...,  2812.  3006.  2898.]\n",
      " [ 1866.  4209.  3432. ...,  3906.  3083.  3307.]\n",
      " [ 2264.  3432.  4388. ...,  4005.  3063.  3697.]\n",
      " ..., \n",
      " [ 2812.  3906.  4005. ...,  5092.  3729.  4598.]\n",
      " [ 3006.  3083.  3063. ...,  3729.  4316.  3850.]\n",
      " [ 2898.  3307.  3697. ...,  4598.  3850.  4938.]]\n",
      "--2번문제에서 맨앞의 10개 이미지 데이터만 비교하는경우의 유사도\n",
      "[[ 3070.  1866.  2264.  1880.  1805.  2798.  2301.  1657.  2783.  2807.]\n",
      " [ 1866.  4209.  3432.  2547.  2494.  3221.  3238.  2496.  3156.  2814.]\n",
      " [ 2264.  3432.  4388.  2215.  2374.  2884.  3097.  2667.  3520.  2795.]\n",
      " [ 1880.  2547.  2215.  2953.  1702.  3137.  2305.  1552.  2809.  2561.]\n",
      " [ 1805.  2494.  2374.  1702.  3074.  2298.  2799.  1458.  2392.  2126.]\n",
      " [ 2798.  3221.  2884.  3137.  2298.  4454.  2876.  1967.  3624.  3848.]\n",
      " [ 2301.  3238.  3097.  2305.  2799.  2876.  3890.  1835.  3205.  2681.]\n",
      " [ 1657.  2496.  2667.  1552.  1458.  1967.  1835.  3380.  2504.  2223.]\n",
      " [ 2783.  3156.  3520.  2809.  2392.  3624.  3205.  2504.  4467.  3418.]\n",
      " [ 2807.  2814.  2795.  2561.  2126.  3848.  2681.  2223.  3418.  4209.]]\n"
     ]
    }
   ],
   "source": [
    "#연습문제2-벡터와 행렬연산_과제★★★★★★★★★★★★★★★★★★★★★★★★★\n",
    "\n",
    "from sklearn.datasets import load_digits\n",
    "X = load_digits().data\n",
    "\n",
    "#★1번----------------------첫번째 데이터와 10번째 데이터에 대한 유사도를 구하라.\n",
    "print(\"1번문제 유사도 \",np.dot(X[0].T,X[9]))\n",
    "\n",
    "print(\"-\"*30)\n",
    "\n",
    "\n",
    "#★2번----------------------내적을 이용하여 모든 이미지의 조합에 대해 유사도를 구하라.\n",
    "#  어떻게 구현하는 것이 효율적일까? (힌트: 이 문제는 뒤에서 배울 행렬과 행렬의 곱셈을 이용한다.)\n",
    "\n",
    "print(\"2번문제 유사도\")\n",
    "print(np.dot(X, X.T))\n",
    "\n",
    "#설명1 : n행m열 데이터의 해석 ==> n번째 이미지와 m번째 이미지의 유사도\n",
    "#설명2 : 이미지데이터가 행단위로 들어가있으므로 행렬곱셉으로 유사도를 구할때\n",
    "#       뒤쪽의 행렬의 데이터가 열벡터 단위로 계산되도록 전치시킨다.\n",
    "\n",
    "\n",
    "print(\"--2번문제에서 맨앞의 10개 이미지 데이터만 비교하는경우의 유사도\")\n",
    "print(np.dot(X[:10], X[:10].T))\n",
    "# 위 코드는 맨앞10개 데이터만으로 상호비교한 결과값을 출력. 1번문제에서 구했던 1번째데이터와\n",
    "# 10번째데이터의 유사도인 2807.0값이 1행10열과 10행1열에 위치해 있음을 알 수 있다.\n"
   ]
  },
  {
   "cell_type": "markdown",
   "metadata": {},
   "source": [
    "# 연습문제 10번 증명\n",
    "\n",
    "### $$x^TAx = \\dfrac{1}{2}x^T(A + A^T)x$$\n",
    "\n",
    "\\begin{eqnarray}\n",
    "\\dfrac{1}{2}x^T(A + A^T)x&=& \n",
    "\\dfrac{1}{2}x^T\n",
    "\\begin{bmatrix}\n",
    "2a_{1,1} & a_{1,2}+a_{2,1} & \\cdots & a_{1,N} \\\\\n",
    "a_{2,1}+a_{1,2} & 2a_{2,2} & \\cdots & a_{2,N} \\\\\n",
    "\\vdots & \\vdots & \\ddots & \\vdots \\\\\n",
    "a_{N,1} & a_{N,2} & \\cdots & 2a_{N,N} \\\\\n",
    "\\end{bmatrix}\n",
    "x\n",
    "\\end{eqnarray}\n",
    "\n",
    "위 식은 행렬의 이차형식 계산법에 따라서 다음과 같이 정리가 가능하다.\n",
    "\n",
    "\\begin{eqnarray}\n",
    "&=& \\dfrac{1}{2} \\sum_{i=1}^{N} \\sum_{j=1}^{N} (a_{i,j}+a_{j,i}) x_i x_j \n",
    "\\end{eqnarray}\n",
    "\n",
    "\n",
    "\\begin{eqnarray}\n",
    "&=& \\dfrac{1}{2} \\sum_{i=1}^{N} \\sum_{j=1}^{N} a_{i,j} x_i x_j + \\dfrac{1}{2} \\sum_{i=1}^{N} \\sum_{j=1}^{N} a_{j,i} x_i x_j \n",
    "\\end{eqnarray}\n",
    "\n",
    "\n",
    "\\begin{eqnarray}\n",
    "&=& \\dfrac{1}{2}(a_{1,1}x_{1}^2+a_{1,2}x_{1}x_{2}+ ... + a_{2,1}x_{2}x_{1}+...+a_{N,N}x_{N}^2) + \\dfrac{1}{2}(a_{1,1}x_{1}^2+a_{2,1}x_{2}x_{1}+ ... + a_{1,2}x_{1}x_{2}+...+a_{N,N}x_{N}^2)\n",
    "\\end{eqnarray}\n",
    "\n",
    "\n",
    "\\begin{eqnarray}\n",
    "&=& 2\\dfrac{1}{2}(a_{1,1}x_{1}^2+a_{1,2}x_{1}x_{2}+ ... + a_{2,1}x_{2}x_{1}+...+a_{N,N}x_{N}^2)\n",
    "\\end{eqnarray}\n",
    "\n",
    "\n",
    "\\begin{eqnarray}\n",
    "&=& \\sum_{i=1}^{N} \\sum_{j=1}^{N} a_{i,j} x_i x_j \n",
    "\\end{eqnarray}\n",
    "\n",
    "여기서 아래와 같은 식이 성립하므로\n",
    "\n",
    "\\begin{eqnarray}\n",
    "(x^TAx &=& \\sum_{i=1}^{N} \\sum_{j=1}^{N} a_{i,j} x_i x_j)\n",
    "\\end{eqnarray}\n",
    "\n",
    "$$ then $$\n",
    "\n",
    "### $$x^TAx = \\dfrac{1}{2}x^T(A + A^T)x$$\n",
    "\n",
    "![텍스트](https://image.ibb.co/mZ6UWJ/B.jpg)"
   ]
  }
 ],
 "metadata": {
  "kernelspec": {
   "display_name": "Python 3",
   "language": "python",
   "name": "python3"
  },
  "language_info": {
   "codemirror_mode": {
    "name": "ipython",
    "version": 3
   },
   "file_extension": ".py",
   "mimetype": "text/x-python",
   "name": "python",
   "nbconvert_exporter": "python",
   "pygments_lexer": "ipython3",
   "version": "3.6.3"
  }
 },
 "nbformat": 4,
 "nbformat_minor": 2
}
